114640
119906
171870
180215
186588
218286
236316
257550
302575
308828
346973
350868
378901
389321
413692
443805
478890
486701
490324
497532
508146
514711
536109
544847
570888
581471
583629
598710
600014
622437
639315
639930
644440
657703
671814
699209
710567
711917
760697
762793
767410
768690
769060
776145
781819
799490
810826
817034
828935
836214
842426
856858
867898
868281
889945
911817
916008
920912
926946
927772
954491
974644
136262
257424
316808
439453
449310
464943
472502
472857
493654
510465
574458
631202
656320
728124
778775
961850
